11010111
01010110
01010110
01010110
01010110
01010110
01010110
01010110
01010110
01010110
01100110
01010110
01010110
01010110
01010110
01010110
01010110
01010110
01010110
01010110
01101000
01010110
01010110
01010110
01010110
01010110
01010110
01010110
01010110
01010110
00101101
01010110
01010110
01010110
01010110
01010110
01010110
01010110
01010110
01010110
00100101
01010110
01010110
01010110
01010110
01010110
01010110
01010110
01010110
01010110
11011011
01010110
01010110
01010110
01010110
01010110
01010110
01010110
01010110
01010110
10111001
01010110
01010110
01010110
01010110
01010110
01010110
01010110
01010110
01010110
11101000
01010110
01010110
01010110
01010110
01010110
01010110
01010110
01010110
01010110
10111000
01010110
01010110
01010110
01010110
01010110
01010110
01010110
01010110
01010110
11000010
01010110
01010110
01010110
01010110
01010110
01010110
01010110
01010110
01010110
00110101
01010110
01010110
01010110
01010110
01010110
01010110
01010110
01010110
01010110
11101110
01010110
01010110
01010110
01010110
01010110
01010110
01010110
01010110
01010110
00011000
01010110
01010110
01010110
01010110
01010110
01010110
01010110
01010110
01010110
00010101
01010110
01010110
01010110
01010110
01010110
01010110
01010110
01010110
01010110
10001010
01010110
01010110
01010110
01010110
01010110
01010110
01010110
01010110
01010110
01011001
01010110
01010110
01010110
01010110
01010110
01010110
01010110
01010110
01010110
10011011
01010110
01010110
01010110
01010110
01010110
01010110
01010110
01010110
01010110
10011101
01010110
01010110
01010110
01010110
01010110
01010110
01010110
01010110
01010110
00001101
01010110
01010110
01010110
01010110
01010110
01010110
01010110
01010110
01010110
00100010
01010110
01010110
01010110
01010110
01010110
01010110
01010110
01010110
01010110
11111000
01010110
01010110
01010110
01010110
01010110
01010110
01010110
01010110
01010110
11110010
01010110
01010110
01010110
01010110
01010110
01010110
01010110
01010110
01010110
01100011
01010110
01010110
01010110
01010110
01010110
01010110
01010110
01010110
01010110
00010110
01010110
01010110
01010110
01010110
01010110
01010110
01010110
01010110
01010110
00001100
01010110
01010110
01010110
01010110
01010110
01010110
01010110
01010110
01010110
11010101
01010110
01010110
01010110
01010110
01010110
01010110
01010110
01010110
01010110
11101100
01010110
01010110
01010110
01010110
01010110
01010110
01010110
01010110
01010110
10000000
01010110
01010110
01010110
01010110
01010110
01010110
01010110
01010110
01010110
00010101
01010110
01010110
01010110
01010110
01010110
01010110
01010110
01010110
01010110
10110000
01010110
01010110
01010110
01010110
01010110
01010110
01010110
01010110
01010110
11101001
01010110
01010110
01010110
01010110
01010110
01010110
01010110
01010110
01010110
11101100
01010110
01010110
01010110
01010110
01010110
01010110
01010110
01010110
01010110
00010111
01010110
01010110
01010110
01010110
01010110
01010110
01010110
01010110
01010110
01010010
01010110
01010110
01010110
01010110
01010110
01010110
01010110
01010110
01010110
00011001
01010110
01010110
01010110
01010110
01010110
01010110
01010110
01010110
01010110
00111100
01010110
01010110
01010110
01010110
01010110
01010110
01010110
01010110
01010110
00101101
01010110
01010110
01010110
01010110
01010110
01010110
01010110
01010110
01010110
11010011
01010110
01010110
01010110
01010110
01010110
01010110
01010110
01010110
01010110
00100100
01010110
01010110
01010110
01010110
01010110
01010110
01010110
01010110
01010110
11100101
01010110
01010110
01010110
01010110
01010110
01010110
01010110
01010110
01010110
10010101
01010110
01010110
01010110
01010110
01010110
01010110
01010110
01010110
01010110
01011010
01010110
01010110
01010110
01010110
01010110
01010110
01010110
01010110
01010110
11010011
01010110
01010110
01010110
01010110
01010110
01010110
01010110
01010110
01010110
10101110
01010110
01010110
01010110
01010110
01010110
01010110
01010110
01010110
01010110
01101111
01010110
01010110
01010110
01010110
01010110
01010110
01010110
01010110
01010110
01011101
01010110
01010110
01010110
01010110
01010110
01010110
01010110
01010110
01010110
00000111
01010110
01010110
01010110
01010110
01010110
01010110
01010110
01010110
01010110
00001010
01010110
01010110
01010110
01010110
01010110
01010110
01010110
01010110
01010110
11111010
01010110
01010110
01010110
01010110
01010110
01010110
01010110
01010110
01010110
00010100
01010110
01010110
01010110
01010110
01010110
01010110
01010110
01010110
01010110
00101100
01010110
01010110
01010110
01010110
01010110
01010110
01010110
01010110
01010110
11110011
01010110
01010110
01010110
01010110
01010110
01010110
01010110
01010110
01010110
00000110
01010110
01010110
01010110
01010110
01010110
01010110
01010110
01010110
01010110
10010000
01010110
01010110
01010110
01010110
01010110
01010110
01010110
01010110
01010110
00001001
01010110
01010110
01010110
01010110
01010110
01010110
01010110
01010110
01010110
00010011
01010110
01010110
01010110
01010110
01010110
01010110
01010110
01010110
01010110
01100101
01010110
01010110
01010110
01010110
01010110
01010110
01010110
01010110
01010110
11110101
01010110
01010110
01010110
01010110
01010110
01010110
01010110
01010110
01010110
10010011
01010110
01010110
01010110
01010110
01010110
01010110
01010110
01010110
01010110
01111010
01010110
01010110
01010110
01010110
01010110
01010110
01010110
01010110
01010110
10100110
01010110
01010110
01010110
01010110
01010110
01010110
01010110
01010110
01010110
01111101
01010110
01010110
01010110
01010110
01010110
01010110
01010110
01010110
01010110
01100110
01010110
01010110
01010110
01010110
01010110
01010110
01010110
01010110
01010110
10111101
01010110
01010110
01010110
01010110
01010110
01010110
01010110
01010110
01010110
11001111
01010110
01010110
01010110
01010110
01010110
01010110
01010110
01010110
01010110
01111111
01010110
01010110
01010110
01010110
01010110
01010110
01010110
01010110
01010110
11111001
01010110
01010110
01010110
01010110
01010110
01010110
01010110
01010110
01010110
11111100
01010110
01010110
01010110
01010110
01010110
01010110
01010110
01010110
01010110
01010010
01010110
01010110
01010110
01010110
01010110
01010110
01010110
01010110
01010110
00011101
01010110
01010110
01010110
01010110
01010110
01010110
01010110
01010110
01010110
11100001
01010110
01010110
01010110
01010110
01010110
01010110
01010110
01010110
01010110
11101000
01010110
01010110
01010110
01010110
01010110
01010110
01010110
01010110
01010110
01110111
01010110
01010110
01010110
01010110
01010110
01010110
01010110
01010110
01010110
10110100
01010110
01010110
01010110
01010110
01010110
01010110
01010110
01010110
01010110
10010110
01010110
01010110
01010110
01010110
01010110
01010110
01010110
01010110
01010110
11100111
01010110
01010110
01010110
01010110
01010110
01010110
01010110
01010110
01010110
00010001
01010110
01010110
01010110
01010110
01010110
01010110
01010110
01010110
01010110
10011101
01010110
01010110
01010110
01010110
01010110
01010110
01010110
01010110
01010110
11110001
01010110
01010110
01010110
01010110
01010110
01010110
01010110
01010110
01010110
00001011
01010110
01010110
01010110
01010110
01010110
01010110
01010110
01010110
01010110
10110010
01010110
01010110
01010110
01010110
01010110
01010110
01010110
01010110
01010110
00011110
01010110
01010110
01010110
01010110
01010110
01010110
01010110
01010110
01010110
11111110
01010110
01010110
01010110
01010110
01010110
01010110
01010110
01010110
01010110
10111000
01010110
01010110
01010110
01010110
01010110
01010110
01010110
01010110
01010110
10101110
01010110
01010110
01010110
01010110
01010110
01010110
01010110
01010110
01010110
00000111
01010110
01010110
01010110
01010110
01010110
01010110
01010110
01010110
01010110
11001011
01010110
01010110
01010110
01010110
01010110
01010110
01010110
01010110
01010110
00010011
01010110
01010110
01010110
01010110
01010110
01010110
01010110
01010110
01010110
11111101
01010110
01010110
01010110
01010110
01010110
01010110
01010110
01010110
01010110
01011111
01010110
01010110
01010110
01010110
01010110
01010110
01010110
01010110
01010110
10001101
01010110
01010110
01010110
01010110
01010110
01010110
01010110
01010110
01010110
10100011
01010110
01010110
01010110
01010110
01010110
01010110
01010110
01010110
01010110
11011100
01010110
01010110
01010110
01010110
01010110
01010110
01010110
01010110
01010110
11110011
01010110
01010110
01010110
01010110
01010110
01010110
01010110
01010110
01010110
01100000
01010110
01010110
01010110
01010110
01010110
01010110
01010110
01010110
01010110
10101011
01010110
01010110
01010110
01010110
01010110
01010110
01010110
01010110
01010110
01110010
01010110
01010110
01010110
01010110
01010110
01010110
01010110
01010110
01010110
01011001
01010110
01010110
01010110
01010110
01010110
01010110
01010110
01010110
01010110
10100111
01010110
01010110
01010110
01010110
01010110
01010110
01010110
01010110
01010110
11000101
01010110
01010110
01010110
01010110
01010110
01010110
01010110
01010110
01010110
01110110
01010110
01010110
01010110
01010110
01010110
01010110
01010110
01010110
01010110
10001000
01010110
01010110
01010110
01010110
01010110
01010110
01010110
01010110
01010110
10101101
01010110
01010110
01010110
