11010111
01100110
01101000
00101101
00100101
11011011
10111001
11101000
10111000
11000010
00110101
11101110
00011000
00010101
10001010
01011001
10011011
10011101
00001101
00100010
11111000
11110010
01100011
00010110
00001100
11010101
11101100
10000000
00010101
10110000
11101001
11101100
00010111
01010010
00011001
00111100
00101101
11010011
00100100
11100101
10010101
01011010
11010011
10101110
01101111
01011101
00000111
00001010
11111010
00010100
00101100
11110011
00000110
10010000
00001001
00010011
01100101
11110101
10010011
01111010
10100110
01111101
01100110
10111101
11001111
01111111
11111001
11111100
01010010
00011101
11100001
11101000
01110111
10110100
10010110
11100111
00010001
10011101
11110001
00001011
10110010
00011110
11111110
10111000
10101110
00000111
11001011
00010011
11111101
01011111
10001101
10100011
11011100
11110011
01100000
10101011
01110010
01011001
10100111
11000101
01110110
10001000
10101101
11101110
00111100
01000011
11010101
01001101
11100000
11000110
01011000
10010010
11100100
01010111
01001011
10010010
01011110
00010110
10100101
01011011
01110101
00110010
11111110
01010001
00100101
01011110
11111100
10011000
10110111
10100011
01011101
00101110
00101011
00001010
00011100
01100111
01001101
11110001
10110100
00101101
10110111
00001101
11000000
10011100
01100100
00001011
00101110
11000010
00100001
11010100
00011110
10010111
00000110
00011100
11101000
00101100
01111011
11100101
11000100
00110010
10001000
00100001
01100000
10110100
00101011
01111100
00011011
01111000
01101101
11010000
10100101
00100101
11011101
01100101
11000001
01000001
01110000
11101111
00000011
10010010
11000011
00100001
00101001
11001010
00111110
00010001
11110110
10111001
11110110
10111010
11101011
01111111
11011011
01001100
00110011
00000110
11001000
01001110
01111110
00110110
00011110
00100011
01011011
11111011
10001001
00011100
00111100
11111001
00001011
01000000
10001011
11001111
01100001
10110100
10011001
10011111
11000110
10001111
01011000
10111100
01001001
01000100
00111011
00100100
10010000
01101110
00101010
01011000
10111101
10101000
10001110
11011011
11001011
11101001
11010111
01010100
00000101
00010011
01001110
00010001
01010011
11011001
11100000
10110101
10001110
01111001
01010100
01010100
00001000
10101101
00010000
01010001
11110001
01001100
01110101
10000001
10111010
10011111
11011001
01110111
01000111
01101000
01010011
00010010
01010001
00101010
01100111
01010111
00111101
10110101
01101000
10010001
10001110
01001000
01000110
00011100
11000001
10011010
01110000
11001001
01000111
10000001
00011010
00111000
11001101
10001111
10111001
10000111
00101110
10010011
11111111
01110101
11111011
01010010
10000111
01001100
01111100
11101110
10100011
10111001
10100011
00001011
01001010
00110010
01010011
10010000
01001110
00010100
00101011
10111111
11011101
01110010
01000000
11110111
10101011
00001101
10000110
01100100
10010100
10110100
11110111
10010011
00101001
11110010
11100101
10110001
00111111
01100001
10011111
11100010
00011011
01000011
11101110
01100101
01110101
01000001
11110110
11000011
01010110
00100001
10000010
00110011
10010011
11000010
00101011
00111110
11001111
10110001
10100011
01100100
01100110
10011010
11110111
10001111
10001101
11011101
01000000
11001100
00111110
11100000
10101110
01011001
00100011
10011100
10111111
10011000
11011110
10110101
01011011
00110100
11010110
11011110
01100111
01101001
10100000
10010010
10101000
01110000
01000100
01001011
11010100
10101010
11100101
11001011
00111001
01110010
10101000
01111010
00111110
11100111
01011010
11101101
01000000
01111101
10001001
11111111
00010101
01100111
10110100
01110000
10011011
10001010
01001110
00000011
11110100
11101111
10010101
10011100
01011111
11011001
11100111
00110011
10000011
11001100
11111110
10111101
00111111
10100111
00110111
01111101
10001110
10010001
01101010
11001110
00001110
11110100
11001110
00100011
01011011
10000010
10010011
11110111
00001101
11100010
11111010
00000001
11010001
10001111
10011101
00110000
01101001
10000100
01100011
11101100
01010000
01100001
10101001
10001111
00001000
11100000
00001101
10010110
01110001
01110111
01100101
01111111
01101011
00110011
10100010
11000111
10110101
00110110
10111110
11000010
00011000
10111000
11000011
11101001
01000111
01100000
00011001
10110000
11100100
01111100
10011101
00110101
11011101
01000110
11000100
11100110
00100111
11010001
01111100
10011000
01001001
11100001
00011000
10110100
00010100
10111010
01111011
11001010
11110000
00111001
10001100
00001000
11110001
01010000
11110001
00111001
10110000
00001010
11101001
10010101
10000110
10000110
11001010
01100100
11001101
10001110
01001010
11110100
01100000
11000110
10001100
10101001
10101000
10100100
01011101
10111100
01011111
11011001
10000110
01001111
00010010
00010011
01011000
00000100
01100011
01001001
00111101
00010011
01010100
00100110
10101000
11011010
10101101
01110010
00111110
01111010
00000001
10001000
01101110
01100001
01001111
11111010
00001010
11110111
10011111
01100111
10110011
11111110
01000000
00111010
01001101
01010011
01001101
10100101
01010111
10110000
11101111
10010100
11000011
01000011
10111010
01101100
00011101
01100111
11011110
01011100
11100001
11011111
11100100
01001111
01000000
00110011
01001010
01001010
00101010
11101001
10110010
11011110
11100111
11110010
00011000
00110100
01000101
01100101
11011010
10011100
00010101
11001001
00110000
11011000
00001100
11101011
01000100
00101001
01010010
00100011
10000101
00110100
00000010
01101010
10000011
01000011
10011101
11001101
10001101
11001000
10110110
00111111
10100110
10011101
00110010
10111110
11010010
01110111
00100011
10101100
00010100
00111000
01110101
01000100
00010000
10000001
00101111
01010101
10101010
10000010
01111000
00110000
10110110
01111010
10011010
00111001
10111101
00110111
00000111
01001011
11111111
10111101
10001010
10100101
01011011
10111100
01100011
00101101
00110100
10000110
11011001
01001000
10111110
01001110
10001100
11001111
11001111
10111100
00100100
01111001
00111110
10011100
10101001
11110100
00010110
01000011
00101101
11010100
01111011
00110100
00011111
01111010
11110010
10101001
00100000
01001101
01100110
10000011
01111010
10011010
00001010
01010011
11100010
11001000
10100001
01101110
10010111
01110000
00101010
10111011
11101001
01101000
01010111
10010011
01011100
01101110
11010110
10001010
01000010
01010001
10111110
01100001
11001100
10110000
00001010
11101100
11111101
01110000
01101111
01110111
00001010
01111001
11001010
11101100
01000010
01101011
01011011
11011001
11011011
10000101
10010101
11000101
11101110
11101100
01011000
01001010
01011010
00101110
11010100
10011100
10000000
10010011
11111101
01001100
01000011
00001000
00111000
01000001
01111000
10100111
10111000
10000011
00100001
10000011
01101111
01100011
11101110
11001010
00111100
11001010
01010000
11010001
10001111
00111110
10111110
11100111
10001000
00011000
00010101
01011101
10110101
10010101
11110000
10110010
11100001
00110011
10111010
00011001
01110100
00110011
11000001
00101101
10110110
11100010
10110000
00100101
01000101
10011110
11110000
10000001
01101000
01000000
01010011
11110111
01111110
00010001
11011110
00000110
00101001
11110100
01100011
11011110
10001001
01010011
10010001
01101011
10000111
01001011
10000100
11111011
01111110
01000101
00101000
00110100
00100111
11011000
01011010
01101100
01110111
01001010
11101110
11011111
10001010
01000001
11010111
00001000
01010010
10110101
00001110
01111011
10101001
01110010
01011010
00110011
11000101
11101011
10011110
01001100
00110110
00100010
01001000
10110101
01101000
01110000
11101001
10001111
01001001
01000011
11111100
11000000
10001101
11101010
10011111
00010111
00101011
01110110
00011111
01111101
00101100
00101110
11111000
11010101
10100000
01010010
00001000
01100101
00111101
10100110
10110010
01110100
11001001
11111010
00101001
00110001
01101010
00010010
11000000
10110011
01010110
10111100
01110011
11100011
10100110
00010011
11111011
11010001
10001001
00011010
01001110
10110101
01001000
01000111
10001011
11101000
10011001
10010011
01001110
11010111
00111010
00000000
01001011
00000011
11111010
01110100
00110100
01100100
10000110
11110100
00011000
11011100
10110001
10001011
11000000
01010111
10011110
10111011
00101001
00101000
11010101
01110111
11011101
00011110
10111110
01101000
00000110
01011000
11111100
01010100
00101111
00110110
01010100
01111010
00111001
01001110
11101110
01101101
10110011
01110100
01100001
11001011
01010001
00010010
01010110
00010001
01101010
11110101
11001100
10010011
00011101
10100001
00001010
11111010
10111111
11001001
01100011
11000110
00100001
01011111
00011010
01010000
10010101
01101111
11001010
11001110
10111101
10111000
00111011
01110000
00101100
10011100
00111011
01111101
10101111
10010010
10001110
00011001
10000111
01011010
10101100
10100100
11111100
10110110
10011110
10111011
01111111
00000001
10000001
10100000
01100000
10011100
11110000
11110101
00001011
10111010
11000011
11001000
01110010
11111110
00111001
10011111
10011011
01110100
00011100
01001010
00000110
10101011
01100011
10001101
00000101
00001111
00110001
00000001
11000101
11010000
10111101
01000101
11010001
00111110
11100101
00110010
11011010
11010110
00100111
11100101
10010000
11101011
10101110
00000011
11101001
11100111
10100010
10000100
01011011
10111110
