01100110
01101000
00101101
01100110
01101000
00101101
01100110
01101000
00101101
01100110
01101000
00101101
01100110
01101000
00101101
01100110
01101000
00101101
01100110
01101000
00101101
01100110
01101000
00101101
01100110
01101000
00101101
01100110
01101000
00101101
11011011
10111001
11101000
11011011
10111001
11101000
11011011
10111001
11101000
11011011
10111001
11101000
11011011
10111001
11101000
11011011
10111001
11101000
11011011
10111001
11101000
11011011
10111001
11101000
11011011
10111001
11101000
11011011
10111001
11101000
11000010
11101110
00011000
00010101
11101110
00011000
00010101
11101110
00011000
00010101
11101110
00011000
00010101
11101110
00011000
00010101
11101110
00011000
00010101
11101110
00011000
00010101
11101110
00011000
00010101
11101110
00011000
00010101
11101110
00011000
00010101
01011001
10011101
00001101
00100010
10011101
00001101
00100010
10011101
00001101
00100010
10011101
00001101
00100010
10011101
00001101
00100010
10011101
00001101
00100010
10011101
00001101
00100010
10011101
00001101
00100010
10011101
00001101
00100010
10011101
00001101
00100010
11110010
00010110
00001100
11010101
00010110
00001100
11010101
00010110
00001100
11010101
00010110
00001100
11010101
00010110
00001100
11010101
00010110
00001100
11010101
00010110
00001100
11010101
00010110
00001100
11010101
00010110
00001100
11010101
00010110
00001100
11010101
10000000
10110000
11101001
11101100
10110000
11101001
11101100
10110000
11101001
11101100
10110000
11101001
11101100
10110000
11101001
11101100
10110000
11101001
11101100
10110000
11101001
11101100
10110000
11101001
11101100
10110000
11101001
11101100
10110000
11101001
11101100
01010010
00011001
00111100
01010010
00011001
00111100
01010010
00011001
00111100
01010010
00011001
00111100
01010010
00011001
00111100
01010010
00011001
00111100
01010010
00011001
00111100
01010010
00011001
00111100
01010010
00011001
00111100
01010010
00011001
00111100
11010011
00100100
11100101
11010011
00100100
11100101
11010011
00100100
11100101
11010011
00100100
11100101
11010011
00100100
11100101
11010011
00100100
11100101
11010011
00100100
11100101
11010011
00100100
11100101
11010011
00100100
11100101
11010011
00100100
11100101
01011010
11010011
10101110
01011010
11010011
10101110
01011010
11010011
10101110
01011010
11010011
10101110
01011010
11010011
10101110
01011010
11010011
10101110
01011010
11010011
10101110
01011010
11010011
10101110
01011010
11010011
10101110
01011010
11010011
10101110
01011101
00000111
00001010
01011101
00000111
00001010
01011101
00000111
00001010
01011101
00000111
00001010
01011101
00000111
00001010
01011101
00000111
00001010
01011101
00000111
00001010
01011101
00000111
00001010
01011101
00000111
00001010
01011101
00000111
00001010
00010100
11110011
10010000
00010011
01100101
11110101
00010011
01100101
11110101
00010011
01100101
11110101
00010011
01100101
11110101
00010011
01100101
11110101
00010011
01100101
11110101
00010011
01100101
11110101
00010011
01100101
11110101
00010011
01100101
11110101
00010011
01100101
11110101
01111010
10100110
01111101
01111010
10100110
01111101
01111010
10100110
01111101
01111010
10100110
01111101
01111010
10100110
01111101
01111010
10100110
01111101
01111010
10100110
01111101
01111010
10100110
01111101
01111010
10100110
01111101
01111010
10100110
01111101
10111101
01111111
11111001
11111100
01111111
11111001
11111100
01111111
11111001
11111100
01111111
11111001
11111100
01111111
11111001
11111100
01111111
11111001
11111100
01111111
11111001
11111100
01111111
11111001
11111100
01111111
11111001
11111100
01111111
11111001
11111100
00011101
11101000
01110111
10110100
11101000
01110111
10110100
11101000
01110111
10110100
11101000
01110111
10110100
11101000
01110111
10110100
11101000
01110111
10110100
11101000
01110111
10110100
11101000
01110111
10110100
11101000
01110111
10110100
11101000
01110111
10110100
11100111
10011101
11110001
00001011
10011101
11110001
00001011
10011101
11110001
00001011
10011101
11110001
00001011
10011101
11110001
00001011
10011101
11110001
00001011
10011101
11110001
00001011
10011101
11110001
00001011
10011101
11110001
00001011
10011101
11110001
00001011
00011110
10111000
00000111
00010011
11111101
01011111
00010011
11111101
01011111
00010011
11111101
01011111
00010011
11111101
01011111
00010011
11111101
01011111
00010011
11111101
01011111
00010011
11111101
01011111
00010011
11111101
01011111
00010011
11111101
01011111
00010011
11111101
01011111
10100011
11011100
11110011
10100011
11011100
11110011
10100011
11011100
11110011
10100011
11011100
11110011
10100011
11011100
11110011
10100011
11011100
11110011
10100011
11011100
11110011
10100011
11011100
11110011
10100011
11011100
11110011
10100011
11011100
11110011
10101011
01011001
11000101
01110110
10001000
11000101
01110110
10001000
11000101
01110110
10001000
11000101
01110110
10001000
11000101
01110110
10001000
11000101
01110110
10001000
11000101
01110110
10001000
11000101
01110110
10001000
11000101
01110110
10001000
11000101
01110110
10001000
11101110
00111100
01000011
11101110
00111100
01000011
11101110
00111100
01000011
11101110
00111100
01000011
11101110
00111100
01000011
11101110
00111100
01000011
11101110
00111100
01000011
11101110
00111100
01000011
11101110
00111100
01000011
11101110
00111100
01000011
01001101
11100000
11000110
01001101
11100000
11000110
01001101
11100000
11000110
01001101
11100000
11000110
01001101
11100000
11000110
01001101
11100000
11000110
01001101
11100000
11000110
01001101
11100000
11000110
01001101
11100000
11000110
01001101
11100000
11000110
10010010
01010111
10010010
01011110
00010110
10010010
01011110
00010110
10010010
01011110
00010110
10010010
01011110
00010110
10010010
01011110
00010110
10010010
01011110
00010110
10010010
01011110
00010110
10010010
01011110
00010110
10010010
01011110
00010110
10010010
01011110
00010110
01011011
01110101
00110010
01011011
01110101
00110010
01011011
01110101
00110010
01011011
01110101
00110010
01011011
01110101
00110010
01011011
01110101
00110010
01011011
01110101
00110010
01011011
01110101
00110010
01011011
01110101
00110010
01011011
01110101
00110010
01010001
01011110
11111100
10011000
01011110
11111100
10011000
01011110
11111100
10011000
01011110
11111100
10011000
01011110
11111100
10011000
01011110
11111100
10011000
01011110
11111100
10011000
01011110
11111100
10011000
01011110
11111100
10011000
01011110
11111100
10011000
10100011
01011101
00101110
10100011
01011101
00101110
10100011
01011101
00101110
10100011
01011101
00101110
10100011
01011101
00101110
10100011
01011101
00101110
10100011
01011101
00101110
10100011
01011101
00101110
10100011
01011101
00101110
10100011
01011101
00101110
00001010
00011100
01100111
00001010
00011100
01100111
00001010
00011100
01100111
00001010
00011100
01100111
00001010
00011100
01100111
00001010
00011100
01100111
00001010
00011100
01100111
00001010
00011100
01100111
00001010
00011100
01100111
00001010
00011100
01100111
11110001
10110100
00101101
11110001
10110100
00101101
11110001
10110100
00101101
11110001
10110100
00101101
11110001
10110100
00101101
11110001
10110100
00101101
11110001
10110100
00101101
11110001
10110100
00101101
11110001
10110100
00101101
11110001
10110100
00101101
00001101
11000000
10011100
00001101
11000000
10011100
00001101
11000000
10011100
00001101
11000000
10011100
00001101
11000000
10011100
00001101
11000000
10011100
00001101
11000000
10011100
00001101
11000000
10011100
00001101
11000000
10011100
00001101
11000000
10011100
00001011
11000010
11010100
00011110
10010111
11010100
00011110
10010111
11010100
00011110
10010111
11010100
00011110
10010111
11010100
00011110
10010111
11010100
00011110
10010111
11010100
00011110
10010111
11010100
00011110
10010111
11010100
00011110
10010111
11010100
00011110
10010111
00011100
00101100
11100101
11000100
00110010
11100101
11000100
00110010
11100101
11000100
00110010
11100101
11000100
00110010
11100101
11000100
00110010
11100101
11000100
00110010
11100101
11000100
00110010
11100101
11000100
00110010
11100101
11000100
00110010
11100101
11000100
00110010
00100001
10110100
01111100
00011011
01111000
01111100
00011011
01111000
01111100
00011011
01111000
01111100
00011011
01111000
01111100
00011011
01111000
01111100
00011011
01111000
01111100
00011011
01111000
01111100
00011011
01111000
01111100
00011011
01111000
01111100
00011011
01111000
11010000
10100101
00100101
11010000
10100101
00100101
11010000
10100101
00100101
11010000
10100101
00100101
11010000
10100101
00100101
11010000
10100101
00100101
11010000
10100101
00100101
11010000
10100101
00100101
11010000
10100101
00100101
11010000
10100101
00100101
01100101
11000001
01000001
01100101
11000001
01000001
01100101
11000001
01000001
01100101
11000001
01000001
01100101
11000001
01000001
01100101
11000001
01000001
01100101
11000001
01000001
01100101
11000001
01000001
01100101
11000001
01000001
01100101
11000001
01000001
11101111
10010010
11000011
00100001
10010010
11000011
00100001
10010010
11000011
00100001
10010010
11000011
00100001
10010010
11000011
00100001
10010010
11000011
00100001
10010010
11000011
00100001
10010010
11000011
00100001
10010010
11000011
00100001
10010010
11000011
00100001
11001010
00111110
00010001
11001010
00111110
00010001
11001010
00111110
00010001
